{
    "id": "4b5f6038-f485-4d12-9f0c-af7d06f8d863",
    "vid_width": 200,
    "vid_height": 208,
    "intrinsic_matrix": [
        [
            278.03278674976195,
            0.0,
            100.0
        ],
        [
            0.0,
            291.3000735458599,
            104.0
        ],
        [
            0.0,
            0.0,
            1.0
        ]
    ],
    "frames": [
        {
            "file_path": "0.png",
            "extrinsic_matrix": [
                [
                    -0.4458829738509568,
                    -0.6712307596477209,
                    0.5921466380319748,
                    2.5856347736256313
                ],
                [
                    0.8950167412153682,
                    -0.34287727620570824,
                    0.2852721619891729,
                    0.7053438161823282
                ],
                [
                    0.01155017636443078,
                    0.6571791542376384,
                    0.753645906683936,
                    2.473768744282008
                ],
                [
                    0.0,
                    0.0,
                    0.0,
                    1.0
                ]
            ]
        },
        {
            "file_path": "1.png",
            "extrinsic_matrix": [
                [
                    -0.28382189174225575,
                    -0.6925199271026827,
                    0.6632203889609714,
                    2.915351991392943
                ],
                [
                    0.9588722349630633,
                    -0.2071651714325616,
                    0.19402739178336953,
                    0.34935245517647295
                ],
                [
                    0.0030283303629271537,
                    0.6910128380218505,
                    0.7228361411165053,
                    2.387767029916198
                ],
                [
                    0.0,
                    0.0,
                    0.0,
                    1.0
                ]
            ]
        },
        {
            "file_path": "2.png",
            "extrinsic_matrix": [
                [
                    -0.4541490158384341,
                    0.5592986663383137,
                    -0.6934938162991537,
                    -2.787790317849463
                ],
                [
                    -0.8879285759186069,
                    -0.3479378916833097,
                    0.3008688544833568,
                    0.7904424217216754
                ],
                [
                    -0.07301722728326245,
                    0.7524122708749217,
                    0.6546329193958301,
                    2.1050709186287313
                ],
                [
                    0.0,
                    0.0,
                    0.0,
                    1.0
                ]
            ]
        },
        {
            "file_path": "3.png",
            "extrinsic_matrix": [
                [
                    -0.11440773946310673,
                    -0.7273407237536779,
                    0.6766729939346019,
                    2.9430540912719785
                ],
                [
                    0.9922895790166819,
                    -0.1163505315159643,
                    0.04270767133488256,
                    -0.2986817499371114
                ],
                [
                    0.04766823392824224,
                    0.6763416484184811,
                    0.7350440218712984,
                    2.402213216790096
                ],
                [
                    0.0,
                    0.0,
                    0.0,
                    1.0
                ]
            ]
        },
        {
            "file_path": "4.png",
            "extrinsic_matrix": [
                [
                    0.6223804169368568,
                    -0.5145146095527402,
                    0.5898451772883251,
                    2.6162420852645205
                ],
                [
                    0.7805522606657777,
                    0.3520080957808644,
                    -0.5165544200510471,
                    -2.6462583024557986
                ],
                [
                    0.05814451808251693,
                    0.7818983418971555,
                    0.6206884870492047,
                    1.9509680351288519
                ],
                [
                    0.0,
                    0.0,
                    0.0,
                    1.0
                ]
            ]
        },
        {
            "file_path": "5.png",
            "extrinsic_matrix": [
                [
                    0.7610517678531161,
                    -0.4206118289160063,
                    0.49384804952898076,
                    2.219760109360922
                ],
                [
                    0.6450827500254728,
                    0.4105346093699001,
                    -0.644460689358999,
                    -3.1937435237872878
                ],
                [
                    0.06832607311429166,
                    0.8090408048333751,
                    0.5837675255162318,
                    1.8115671606263222
                ],
                [
                    0.0,
                    0.0,
                    0.0,
                    1.0
                ]
            ]
        },
        {
            "file_path": "6.png",
            "extrinsic_matrix": [
                [
                    0.8659744133212416,
                    -0.3222931839818823,
                    0.38238124827422154,
                    1.754570981520903
                ],
                [
                    0.4957366289974799,
                    0.4525881170161186,
                    -0.7412214183400387,
                    -3.599551377756744
                ],
                [
                    0.06582940181367486,
                    0.8314391738994649,
                    0.5517022656852415,
                    1.6787888979112053
                ],
                [
                    0.0,
                    0.0,
                    0.0,
                    1.0
                ]
            ]
        },
        {
            "file_path": "7.png",
            "extrinsic_matrix": [
                [
                    0.9432530582516713,
                    -0.22545245364666125,
                    0.2438131646231794,
                    1.1660371602503605
                ],
                [
                    0.324473621907947,
                    0.46954339254042093,
                    -0.8211247598310324,
                    -3.92956632302823
                ],
                [
                    0.07064373139074792,
                    0.8536393815109117,
                    0.5160516151983826,
                    1.5253518360523757
                ],
                [
                    0.0,
                    0.0,
                    0.0,
                    1.0
                ]
            ]
        },
        {
            "file_path": "8.png",
            "extrinsic_matrix": [
                [
                    -0.9354043610132671,
                    0.19545562238822317,
                    -0.2946451782639469,
                    -1.0982412151377725
                ],
                [
                    -0.34342120649883684,
                    -0.7005428142442445,
                    0.6255410780577374,
                    2.1458309929155717
                ],
                [
                    -0.08414604164334738,
                    0.686321255016618,
                    0.7224144091781186,
                    2.374877646010327
                ],
                [
                    0.0,
                    0.0,
                    0.0,
                    1.0
                ]
            ]
        },
        {
            "file_path": "9.png",
            "extrinsic_matrix": [
                [
                    0.6924460976577482,
                    0.17257911653521935,
                    -0.7005246964772041,
                    -2.800356516769713
                ],
                [
                    -0.7210150131054464,
                    0.19999552335676798,
                    -0.6634298316429592,
                    -3.2518715529516355
                ],
                [
                    0.025607669068248247,
                    0.9644782212021042,
                    0.2629182536677805,
                    0.4417364721562588
                ],
                [
                    0.0,
                    0.0,
                    0.0,
                    1.0
                ]
            ]
        },
        {
            "file_path": "10.png",
            "extrinsic_matrix": [
                [
                    0.9207126419018982,
                    -0.21081091070856234,
                    0.3284006561629463,
                    1.5221311968657198
                ],
                [
                    0.38386214864837676,
                    0.33770836184068004,
                    -0.8594201028472255,
                    -4.0876894385133795
                ],
                [
                    0.07027148694227692,
                    0.9173395348883151,
                    0.3918546871658045,
                    1.0012092246292492
                ],
                [
                    0.0,
                    0.0,
                    0.0,
                    1.0
                ]
            ]
        },
        {
            "file_path": "11.png",
            "extrinsic_matrix": [
                [
                    0.5520789332978988,
                    0.19888922509987622,
                    -0.8097233648276583,
                    -3.2647145514365854
                ],
                [
                    -0.8337563843012141,
                    0.14064222031305523,
                    -0.5339195234324925,
                    -2.716277265090745
                ],
                [
                    0.007690451587536128,
                    0.9698777459064543,
                    0.24347076816282257,
                    0.3641220380867331
                ],
                [
                    0.0,
                    0.0,
                    0.0,
                    1.0
                ]
            ]
        },
        {
            "file_path": "12.png",
            "extrinsic_matrix": [
                [
                    0.9756005594558932,
                    -0.15140337550778366,
                    0.15899863607653167,
                    0.8053675162603263
                ],
                [
                    0.20741207645382562,
                    0.3980830981784431,
                    -0.8935939108374475,
                    -4.221743611760879
                ],
                [
                    0.07199846477849851,
                    0.9047689566013529,
                    0.419772981789012,
                    1.1169405490234354
                ],
                [
                    0.0,
                    0.0,
                    0.0,
                    1.0
                ]
            ]
        },
        {
            "file_path": "13.png",
            "extrinsic_matrix": [
                [
                    0.19986302474315965,
                    0.18376819427683214,
                    -0.962436502899151,
                    -3.8835144110911304
                ],
                [
                    -0.9796937155813837,
                    0.021471609276179995,
                    -0.19934691782275715,
                    -1.3034024854846844
                ],
                [
                    -0.01596856257955665,
                    0.982735071505705,
                    0.18432792583279203,
                    0.10571757419570467
                ],
                [
                    0.0,
                    0.0,
                    0.0,
                    1.0
                ]
            ]
        },
        {
            "file_path": "14.png",
            "extrinsic_matrix": [
                [
                    0.9973066211947536,
                    -0.07077492305408747,
                    -0.019246131761794977,
                    0.05501267936732217
                ],
                [
                    0.013519028224224898,
                    0.4352918993657729,
                    -0.9001878682932859,
                    -4.265727560662627
                ],
                [
                    0.07208841236271599,
                    0.8975031323695898,
                    0.4350763015722611,
                    1.1878831108233798
                ],
                [
                    0.0,
                    0.0,
                    0.0,
                    1.0
                ]
            ]
        },
        {
            "file_path": "15.png",
            "extrinsic_matrix": [
                [
                    0.3808604912704701,
                    0.19542507130002643,
                    -0.9037446142006026,
                    -3.6490592318169517
                ],
                [
                    -0.9246272908891284,
                    0.07721074261377556,
                    -0.3729649771333237,
                    -2.033816716588981
                ],
                [
                    -0.0031079144530640652,
                    0.9776745587016207,
                    0.2101018756111984,
                    0.2192772400815043
                ],
                [
                    0.0,
                    0.0,
                    0.0,
                    1.0
                ]
            ]
        },
        {
            "file_path": "16.png",
            "extrinsic_matrix": [
                [
                    0.9809907525785749,
                    0.017335282299302163,
                    -0.19327863654042288,
                    -0.6824759192688864
                ],
                [
                    -0.17988547262474772,
                    0.4548355564212793,
                    -0.8722189136641765,
                    -4.153524525675919
                ],
                [
                    0.0727898351000503,
                    0.8904067074110281,
                    0.44930784024269893,
                    1.2484015121908132
                ],
                [
                    0.0,
                    0.0,
                    0.0,
                    1.0
                ]
            ]
        },
        {
            "file_path": "17.png",
            "extrinsic_matrix": [
                [
                    0.011645001311571253,
                    0.1598507292811588,
                    -0.9870725091363526,
                    -3.9681914620155005
                ],
                [
                    -0.9995964797903113,
                    -0.02371647652164858,
                    -0.015633500318701993,
                    -0.5370717896285536
                ],
                [
                    -0.025908908415259203,
                    0.9868562575622042,
                    0.15951004788116013,
                    0.0
                ],
                [
                    0.0,
                    0.0,
                    0.0,
                    1.0
                ]
            ]
        },
        {
            "file_path": "18.png",
            "extrinsic_matrix": [
                [
                    0.08312358216804162,
                    0.5907899864727295,
                    -0.802532031741478,
                    -3.240574075640962
                ],
                [
                    -0.9961494093996102,
                    0.02673639366368444,
                    -0.08349562507501548,
                    -0.8304232829428906
                ],
                [
                    -0.02787156688024396,
                    0.8063822648951375,
                    0.5907375209195936,
                    1.8243747912699584
                ],
                [
                    0.0,
                    0.0,
                    0.0,
                    1.0
                ]
            ]
        },
        {
            "file_path": "19.png",
            "extrinsic_matrix": [
                [
                    0.8526082492935928,
                    0.2145106395301255,
                    -0.47649171951345776,
                    -1.873577560142591
                ],
                [
                    -0.5205987240988564,
                    0.42743547920554276,
                    -0.7391047825464063,
                    -3.5914893552732585
                ],
                [
                    0.04512362688390397,
                    0.8782278159137893,
                    0.47610898085641845,
                    1.3533596320777697
                ],
                [
                    0.0,
                    0.0,
                    0.0,
                    1.0
                ]
            ]
        },
        {
            "file_path": "20.png",
            "extrinsic_matrix": [
                [
                    -0.10002657707227824,
                    0.6097115206135367,
                    -0.7862865543237609,
                    -3.1767823898114727
                ],
                [
                    -0.9940610015824137,
                    -0.0952826661618437,
                    0.052573174357829086,
                    -0.25821311699854216
                ],
                [
                    -0.04286500918198486,
                    0.7868755143987004,
                    0.6156212438079186,
                    1.9335687445467495
                ],
                [
                    0.0,
                    0.0,
                    0.0,
                    1.0
                ]
            ]
        },
        {
            "file_path": "21.png",
            "extrinsic_matrix": [
                [
                    0.9339772274888823,
                    0.11352107802805841,
                    -0.33882075405076345,
                    -1.2929848867347187
                ],
                [
                    -0.3523077892442997,
                    0.45099632314270865,
                    -0.8200497168766971,
                    -3.9254326009275338
                ],
                [
                    0.05971398638488753,
                    0.8852769517812515,
                    0.461214655529202,
                    1.2924499037955663
                ],
                [
                    0.0,
                    0.0,
                    0.0,
                    1.0
                ]
            ]
        },
        {
            "file_path": "22.png",
            "extrinsic_matrix": [
                [
                    -0.28278919373395284,
                    0.5994351603499279,
                    -0.7488042203697548,
                    -3.024795210530107
                ],
                [
                    -0.9577900874593828,
                    -0.21851391790333707,
                    0.18678815820892058,
                    0.3097567415939356
                ],
                [
                    -0.051656754368116876,
                    0.7700189323768533,
                    0.635926429321319,
                    2.0277683746655226
                ],
                [
                    0.0,
                    0.0,
                    0.0,
                    1.0
                ]
            ]
        },
        {
            "file_path": "23.png",
            "extrinsic_matrix": [
                [
                    0.7347487029222854,
                    0.31178696167978004,
                    -0.6024394028286252,
                    -2.398267966381788
                ],
                [
                    -0.6771925031219558,
                    0.38876574396141783,
                    -0.6247171440240333,
                    -3.0981608209493485
                ],
                [
                    0.039429142387819874,
                    0.8669775584457863,
                    0.4967849191369883,
                    1.4337919213545434
                ],
                [
                    0.0,
                    0.0,
                    0.0,
                    1.0
                ]
            ]
        },
        {
            "file_path": "24.png",
            "extrinsic_matrix": [
                [
                    -0.7450262909955362,
                    0.4144060490257376,
                    -0.5226886762273623,
                    -2.060291446913745
                ],
                [
                    -0.6617968594814637,
                    -0.5572351604010897,
                    0.5015116078349959,
                    1.635009383473154
                ],
                [
                    -0.0834310643939417,
                    0.7195530574903071,
                    0.6894074665612812,
                    2.245506237285274
                ],
                [
                    0.0,
                    0.0,
                    0.0,
                    1.0
                ]
            ]
        },
        {
            "file_path": "25.png",
            "extrinsic_matrix": [
                [
                    -0.9853548797431533,
                    -0.16097904635708973,
                    0.056227285194262094,
                    0.37061144032513693
                ],
                [
                    0.15822582609450533,
                    -0.740272959760799,
                    0.6534221705786365,
                    2.267392805146173
                ],
                [
                    -0.0635637390582576,
                    0.6527493329609366,
                    0.754902615835967,
                    2.5210623420277636
                ],
                [
                    0.0,
                    0.0,
                    0.0,
                    1.0
                ]
            ]
        },
        {
            "file_path": "26.png",
            "extrinsic_matrix": [
                [
                    0.6010751855793761,
                    0.3992934480344815,
                    -0.6922957197884825,
                    -2.778527713075613
                ],
                [
                    -0.7990002200401913,
                    0.31923740239651843,
                    -0.5095940828609069,
                    -2.6188180178723313
                ],
                [
                    0.017529108832002382,
                    0.8594487903696519,
                    0.5109212337295227,
                    1.4965599657922677
                ],
                [
                    0.0,
                    0.0,
                    0.0,
                    1.0
                ]
            ]
        },
        {
            "file_path": "27.png",
            "extrinsic_matrix": [
                [
                    -0.9388525433901579,
                    -0.28997842342990604,
                    0.18565671470468667,
                    0.912382203007312
                ],
                [
                    0.3407335591926442,
                    -0.7048310491789852,
                    0.6221847263901318,
                    2.134203884227477
                ],
                [
                    -0.0495635290283501,
                    0.6473991860192261,
                    0.7605378034863874,
                    2.538326776959128
                ],
                [
                    0.0,
                    0.0,
                    0.0,
                    1.0
                ]
            ]
        },
        {
            "file_path": "28.png",
            "extrinsic_matrix": [
                [
                    0.4431184765237616,
                    0.481575728987507,
                    -0.7561288468332705,
                    -3.047438084532087
                ],
                [
                    -0.8964626298803775,
                    0.2388661144281124,
                    -0.37322611458199517,
                    -2.044390896490352
                ],
                [
                    0.0008769214430734252,
                    0.8432246418530275,
                    0.5375606332132363,
                    1.6048612675804532
                ],
                [
                    0.0,
                    0.0,
                    0.0,
                    1.0
                ]
            ]
        },
        {
            "file_path": "29.png",
            "extrinsic_matrix": [
                [
                    -0.8563276725863466,
                    -0.41289444643428436,
                    0.31019525023213385,
                    1.4317086711692248
                ],
                [
                    0.5153833902869381,
                    -0.6449797847911811,
                    0.564252636880912,
                    1.886001530208853
                ],
                [
                    -0.032907114416061214,
                    0.6430546270064829,
                    0.7651129776094252,
                    2.5521644553575342
                ],
                [
                    0.0,
                    0.0,
                    0.0,
                    1.0
                ]
            ]
        },
        {
            "file_path": "30.png",
            "extrinsic_matrix": [
                [
                    0.2695002837194696,
                    0.5460186235090962,
                    -0.7932422453805377,
                    -3.2042034129154047
                ],
                [
                    -0.9628869171415986,
                    0.1401475404696366,
                    -0.23066740493155707,
                    -1.4486598399726887
                ],
                [
                    -0.014777749242449996,
                    0.825967511274834,
                    0.563523991011726,
                    1.7133706204293155
                ],
                [
                    0.0,
                    0.0,
                    0.0,
                    1.0
                ]
            ]
        },
        {
            "file_path": "31.png",
            "extrinsic_matrix": [
                [
                    -0.745539451085439,
                    -0.5144170324643234,
                    0.4237287382109234,
                    1.9064940535383752
                ],
                [
                    0.6661655794402083,
                    -0.5562546275952176,
                    0.4967939311706579,
                    1.6044256016157068
                ],
                [
                    -0.019858188344186557,
                    0.652652975163298,
                    0.7573966902265826,
                    2.5174105229337544
                ],
                [
                    0.0,
                    0.0,
                    0.0,
                    1.0
                ]
            ]
        },
        {
            "file_path": "32.png",
            "extrinsic_matrix": [
                [
                    -0.9826809252060844,
                    0.06756173881768245,
                    -0.17255031348579017,
                    -0.5872584350653993
                ],
                [
                    -0.16527103849448369,
                    -0.7406797833287926,
                    0.6512134384385558,
                    2.252963460353689
                ],
                [
                    -0.08380741656361966,
                    0.6684525936937812,
                    0.7390178934998721,
                    2.444197312143912
                ],
                [
                    0.0,
                    0.0,
                    0.0,
                    1.0
                ]
            ]
        },
        {
            "file_path": "33.png",
            "extrinsic_matrix": [
                [
                    -0.6065642566729289,
                    -0.604609295566023,
                    0.5162629196852837,
                    2.2797079440038144
                ],
                [
                    0.7949997805586174,
                    -0.45519534256540495,
                    0.40096452339142546,
                    1.1962312389696017
                ],
                [
                    -0.007426401454696953,
                    0.6536396559434875,
                    0.7567694819028531,
                    2.4999872171412303
                ],
                [
                    0.0,
                    0.0,
                    0.0,
                    1.0
                ]
            ]
        },
        {
            "file_path": "34.png",
            "extrinsic_matrix": [
                [
                    -0.9970469500657637,
                    -0.06950921602699109,
                    -0.03264733146630538,
                    -0.0028927211731203445
                ],
                [
                    0.03089930871352011,
                    -0.7523126046233446,
                    0.6580812849837508,
                    2.2852352420516966
                ],
                [
                    -0.07030371317067331,
                    0.6551291581147579,
                    0.7522387746601897,
                    2.5064059300795853
                ],
                [
                    0.0,
                    0.0,
                    0.0,
                    1.0
                ]
            ]
        },
        {
            "file_path": "35.png",
            "extrinsic_matrix": [
                [
                    0.7192477318666722,
                    -0.2980574461557603,
                    0.6275702821164765,
                    2.7736880268890447
                ],
                [
                    0.69138031492909,
                    0.2181604112195635,
                    -0.6887665026008909,
                    -3.371566144029714
                ],
                [
                    0.0683809939471484,
                    0.9292834840712585,
                    0.3629824319429012,
                    0.8756211854644892
                ],
                [
                    0.0,
                    0.0,
                    0.0,
                    1.0
                ]
            ]
        },
        {
            "file_path": "36.png",
            "extrinsic_matrix": [
                [
                    0.8155799786210115,
                    0.14106910930769312,
                    -0.5611851787705054,
                    -2.2246844709283975
                ],
                [
                    -0.5768602653975302,
                    0.2743179772226436,
                    -0.7694035882279,
                    -3.706614777845881
                ],
                [
                    0.04540410419819968,
                    0.9512355932005546,
                    0.3051054138332318,
                    0.6271862005313047
                ],
                [
                    0.0,
                    0.0,
                    0.0,
                    1.0
                ]
            ]
        },
        {
            "file_path": "37.png",
            "extrinsic_matrix": [
                [
                    0.8344540163620465,
                    -0.26086841436506897,
                    0.4854216362750057,
                    2.1838989617069333
                ],
                [
                    0.546892065859544,
                    0.28365411746914204,
                    -0.7876861113049298,
                    -3.7889377178860286
                ],
                [
                    0.06779058103549075,
                    0.9227610806863589,
                    0.37936318362937327,
                    0.9513933845817741
                ],
                [
                    0.0,
                    0.0,
                    0.0,
                    1.0
                ]
            ]
        },
        {
            "file_path": "38.png",
            "extrinsic_matrix": [
                [
                    0.9063926291644511,
                    0.09392740324627018,
                    -0.411861681533699,
                    -1.6051436309956872
                ],
                [
                    -0.4181273678220425,
                    0.33837645014850215,
                    -0.8430129787038325,
                    -4.024271629857699
                ],
                [
                    0.06018227375701165,
                    0.9363113909935683,
                    0.345975538183157,
                    0.8056323649980917
                ],
                [
                    0.0,
                    0.0,
                    0.0,
                    1.0
                ]
            ]
        },
        {
            "file_path": "39.png",
            "extrinsic_matrix": [
                [
                    0.5789082004112853,
                    -0.31184638712093665,
                    0.7534036941349475,
                    3.308014697247204
                ],
                [
                    0.8127537560880724,
                    0.14640887429075436,
                    -0.5639111397140899,
                    -2.8575542989271483
                ],
                [
                    0.06554866483229527,
                    0.9387844653425688,
                    0.3382116203949391,
                    0.7781821317882954
                ],
                [
                    0.0,
                    0.0,
                    0.0,
                    1.0
                ]
            ]
        },
        {
            "file_path": "40.png",
            "extrinsic_matrix": [
                [
                    0.9690640140719928,
                    0.03172930079513523,
                    -0.2447614922771314,
                    -0.899595642673656
                ],
                [
                    -0.23719909134246517,
                    0.39377176508268547,
                    -0.8880767917753369,
                    -4.21806270027337
                ],
                [
                    0.06820210918281969,
                    0.9186604642057469,
                    0.38911620861677865,
                    0.9921782711036865
                ],
                [
                    0.0,
                    0.0,
                    0.0,
                    1.0
                ]
            ]
        },
        {
            "file_path": "41.png",
            "extrinsic_matrix": [
                [
                    -0.8534665642984777,
                    0.3122513558657461,
                    -0.41724562835882967,
                    -1.6087677755259382
                ],
                [
                    -0.5133395069856206,
                    -0.6417743631609892,
                    0.5697439928222724,
                    1.9093552440406136
                ],
                [
                    -0.0898742131665764,
                    0.7004461132373491,
                    0.7080239178575675,
                    2.305613316362376
                ],
                [
                    0.0,
                    0.0,
                    0.0,
                    1.0
                ]
            ]
        },
        {
            "file_path": "42.png",
            "extrinsic_matrix": [
                [
                    -0.6116917553640002,
                    0.49416983478187304,
                    -0.6177615808800063,
                    -2.4710666628210536
                ],
                [
                    -0.7867109449884516,
                    -0.4620923484157167,
                    0.40933672028175644,
                    1.24608402941024
                ],
                [
                    -0.08318104023805857,
                    0.7363876940357597,
                    0.6714268974487171,
                    2.1804084318086203
                ],
                [
                    0.0,
                    0.0,
                    0.0,
                    1.0
                ]
            ]
        },
        {
            "file_path": "43.png",
            "extrinsic_matrix": [
                [
                    0.9958591807237922,
                    -0.042996133199180574,
                    -0.08009884330036147,
                    -0.2042329675428972
                ],
                [
                    -0.05283710720366142,
                    0.44324095433067845,
                    -0.8948439509246167,
                    -4.244675625727937
                ],
                [
                    0.0739779174516715,
                    0.8953707550137805,
                    0.439133782343793,
                    1.2049770845090495
                ],
                [
                    0.0,
                    0.0,
                    0.0,
                    1.0
                ]
            ]
        },
        {
            "file_path": "44.png",
            "extrinsic_matrix": [
                [
                    0.9876900022697142,
                    -0.1312513095729636,
                    0.0850973157733813,
                    0.4953982545372762
                ],
                [
                    0.1374042115670536,
                    0.46798599638527744,
                    -0.8729886538958654,
                    -4.154963114528948
                ],
                [
                    0.07475655195425258,
                    0.873934895128156,
                    0.48025957254098517,
                    1.3823416364896777
                ],
                [
                    0.0,
                    0.0,
                    0.0,
                    1.0
                ]
            ]
        }
    ]
}